100000000320
101900000001
101900000002
101900000003
101900000004
101900000005
101900000006
101900000007
101900000008
101900000009
101900000010
101900000011
101900000012
101900000013
101900000014
101900000015
101900000016
101900000017
101900000018
101900000019
101900000020
101900000021
101900000023
101900000024
101900000025
101900000026
101900000027
101900000029
101900000030
101900000031
101900000032
101900000033
101900000034
101900000035
101900000036
101900000037
101900000038
101900000040
101900000041
101900000043
101900000044
101900000046
101900000048
101900000050
101900000051
101900000052
101900000053
101900000054
101900000057
101900000058
101900000059
101900000062
101900000063
101900000064
101900000066
101900000068
101900000069
101900000071
101900000073
101900000083
101900000084
101900000087
101900000088
101900000089
101900000091
101900000092
101900000093
101900000094
101900000095
101900000097
101900000098
101900000099
101900000100